{
 "cells": [
  {
   "cell_type": "markdown",
   "id": "96ac0d52-18ca-44a5-a3f1-e7369bcbf13b",
   "metadata": {},
   "source": [
    "### Covariance Correlation"
   ]
  },
  {
   "cell_type": "code",
   "execution_count": 1,
   "id": "3b623d72-4683-43a3-be05-1c5a8d6ad204",
   "metadata": {
    "tags": []
   },
   "outputs": [],
   "source": [
    "import seaborn as sns\n",
    "import pandas as pd"
   ]
  },
  {
   "cell_type": "markdown",
   "id": "1a6a039b-13e0-4b3a-ad42-2b1cb9339393",
   "metadata": {},
   "source": [
    "# load data from this seaborn (go to github and check csv file in seaborn)\n",
    "https://github.com/mwaskom/seaborn-data"
   ]
  },
  {
   "cell_type": "code",
   "execution_count": 20,
   "id": "dccb5d94-2257-4d2d-ad44-c81164f5c709",
   "metadata": {
    "tags": []
   },
   "outputs": [
    {
     "data": {
      "text/plain": [
       "pandas.core.frame.DataFrame"
      ]
     },
     "execution_count": 20,
     "metadata": {},
     "output_type": "execute_result"
    }
   ],
   "source": [
    "df=sns.load_dataset('exercise') \n",
    "df.head()\n",
    "type(df)"
   ]
  },
  {
   "cell_type": "code",
   "execution_count": 12,
   "id": "b0196528-287a-427f-82aa-d3aa96a4be8b",
   "metadata": {
    "tags": []
   },
   "outputs": [
    {
     "data": {
      "text/html": [
       "<div>\n",
       "<style scoped>\n",
       "    .dataframe tbody tr th:only-of-type {\n",
       "        vertical-align: middle;\n",
       "    }\n",
       "\n",
       "    .dataframe tbody tr th {\n",
       "        vertical-align: top;\n",
       "    }\n",
       "\n",
       "    .dataframe thead th {\n",
       "        text-align: right;\n",
       "    }\n",
       "</style>\n",
       "<table border=\"1\" class=\"dataframe\">\n",
       "  <thead>\n",
       "    <tr style=\"text-align: right;\">\n",
       "      <th></th>\n",
       "      <th>pickup</th>\n",
       "      <th>dropoff</th>\n",
       "      <th>passengers</th>\n",
       "      <th>distance</th>\n",
       "      <th>fare</th>\n",
       "      <th>tip</th>\n",
       "      <th>tolls</th>\n",
       "      <th>total</th>\n",
       "      <th>color</th>\n",
       "      <th>payment</th>\n",
       "      <th>pickup_zone</th>\n",
       "      <th>dropoff_zone</th>\n",
       "      <th>pickup_borough</th>\n",
       "      <th>dropoff_borough</th>\n",
       "    </tr>\n",
       "  </thead>\n",
       "  <tbody>\n",
       "    <tr>\n",
       "      <th>0</th>\n",
       "      <td>2019-03-23 20:21:09</td>\n",
       "      <td>2019-03-23 20:27:24</td>\n",
       "      <td>1</td>\n",
       "      <td>1.60</td>\n",
       "      <td>7.0</td>\n",
       "      <td>2.15</td>\n",
       "      <td>0.0</td>\n",
       "      <td>12.95</td>\n",
       "      <td>yellow</td>\n",
       "      <td>credit card</td>\n",
       "      <td>Lenox Hill West</td>\n",
       "      <td>UN/Turtle Bay South</td>\n",
       "      <td>Manhattan</td>\n",
       "      <td>Manhattan</td>\n",
       "    </tr>\n",
       "    <tr>\n",
       "      <th>1</th>\n",
       "      <td>2019-03-04 16:11:55</td>\n",
       "      <td>2019-03-04 16:19:00</td>\n",
       "      <td>1</td>\n",
       "      <td>0.79</td>\n",
       "      <td>5.0</td>\n",
       "      <td>0.00</td>\n",
       "      <td>0.0</td>\n",
       "      <td>9.30</td>\n",
       "      <td>yellow</td>\n",
       "      <td>cash</td>\n",
       "      <td>Upper West Side South</td>\n",
       "      <td>Upper West Side South</td>\n",
       "      <td>Manhattan</td>\n",
       "      <td>Manhattan</td>\n",
       "    </tr>\n",
       "    <tr>\n",
       "      <th>2</th>\n",
       "      <td>2019-03-27 17:53:01</td>\n",
       "      <td>2019-03-27 18:00:25</td>\n",
       "      <td>1</td>\n",
       "      <td>1.37</td>\n",
       "      <td>7.5</td>\n",
       "      <td>2.36</td>\n",
       "      <td>0.0</td>\n",
       "      <td>14.16</td>\n",
       "      <td>yellow</td>\n",
       "      <td>credit card</td>\n",
       "      <td>Alphabet City</td>\n",
       "      <td>West Village</td>\n",
       "      <td>Manhattan</td>\n",
       "      <td>Manhattan</td>\n",
       "    </tr>\n",
       "    <tr>\n",
       "      <th>3</th>\n",
       "      <td>2019-03-10 01:23:59</td>\n",
       "      <td>2019-03-10 01:49:51</td>\n",
       "      <td>1</td>\n",
       "      <td>7.70</td>\n",
       "      <td>27.0</td>\n",
       "      <td>6.15</td>\n",
       "      <td>0.0</td>\n",
       "      <td>36.95</td>\n",
       "      <td>yellow</td>\n",
       "      <td>credit card</td>\n",
       "      <td>Hudson Sq</td>\n",
       "      <td>Yorkville West</td>\n",
       "      <td>Manhattan</td>\n",
       "      <td>Manhattan</td>\n",
       "    </tr>\n",
       "    <tr>\n",
       "      <th>4</th>\n",
       "      <td>2019-03-30 13:27:42</td>\n",
       "      <td>2019-03-30 13:37:14</td>\n",
       "      <td>3</td>\n",
       "      <td>2.16</td>\n",
       "      <td>9.0</td>\n",
       "      <td>1.10</td>\n",
       "      <td>0.0</td>\n",
       "      <td>13.40</td>\n",
       "      <td>yellow</td>\n",
       "      <td>credit card</td>\n",
       "      <td>Midtown East</td>\n",
       "      <td>Yorkville West</td>\n",
       "      <td>Manhattan</td>\n",
       "      <td>Manhattan</td>\n",
       "    </tr>\n",
       "  </tbody>\n",
       "</table>\n",
       "</div>"
      ],
      "text/plain": [
       "               pickup             dropoff  passengers  distance  fare   tip   \n",
       "0 2019-03-23 20:21:09 2019-03-23 20:27:24           1      1.60   7.0  2.15  \\\n",
       "1 2019-03-04 16:11:55 2019-03-04 16:19:00           1      0.79   5.0  0.00   \n",
       "2 2019-03-27 17:53:01 2019-03-27 18:00:25           1      1.37   7.5  2.36   \n",
       "3 2019-03-10 01:23:59 2019-03-10 01:49:51           1      7.70  27.0  6.15   \n",
       "4 2019-03-30 13:27:42 2019-03-30 13:37:14           3      2.16   9.0  1.10   \n",
       "\n",
       "   tolls  total   color      payment            pickup_zone   \n",
       "0    0.0  12.95  yellow  credit card        Lenox Hill West  \\\n",
       "1    0.0   9.30  yellow         cash  Upper West Side South   \n",
       "2    0.0  14.16  yellow  credit card          Alphabet City   \n",
       "3    0.0  36.95  yellow  credit card              Hudson Sq   \n",
       "4    0.0  13.40  yellow  credit card           Midtown East   \n",
       "\n",
       "            dropoff_zone pickup_borough dropoff_borough  \n",
       "0    UN/Turtle Bay South      Manhattan       Manhattan  \n",
       "1  Upper West Side South      Manhattan       Manhattan  \n",
       "2           West Village      Manhattan       Manhattan  \n",
       "3         Yorkville West      Manhattan       Manhattan  \n",
       "4         Yorkville West      Manhattan       Manhattan  "
      ]
     },
     "execution_count": 12,
     "metadata": {},
     "output_type": "execute_result"
    }
   ],
   "source": [
    "df=sns.load_dataset('taxis') \n",
    "df.head()"
   ]
  },
  {
   "cell_type": "markdown",
   "id": "92f9855c-1d08-423f-95a1-22a2488244c7",
   "metadata": {},
   "source": [
    "# coverience"
   ]
  },
  {
   "cell_type": "code",
   "execution_count": 50,
   "id": "f8d5f0bc-6519-461e-8417-fa9b54b4108a",
   "metadata": {
    "tags": []
   },
   "outputs": [],
   "source": [
    "import seaborn as sns\n",
    "import numpy as np\n",
    "import pandas as pd"
   ]
  },
  {
   "cell_type": "code",
   "execution_count": 51,
   "id": "ab4d319e-e01a-4715-9bb5-84d58d2a0ed4",
   "metadata": {
    "tags": []
   },
   "outputs": [
    {
     "data": {
      "text/html": [
       "<div>\n",
       "<style scoped>\n",
       "    .dataframe tbody tr th:only-of-type {\n",
       "        vertical-align: middle;\n",
       "    }\n",
       "\n",
       "    .dataframe tbody tr th {\n",
       "        vertical-align: top;\n",
       "    }\n",
       "\n",
       "    .dataframe thead th {\n",
       "        text-align: right;\n",
       "    }\n",
       "</style>\n",
       "<table border=\"1\" class=\"dataframe\">\n",
       "  <thead>\n",
       "    <tr style=\"text-align: right;\">\n",
       "      <th></th>\n",
       "      <th>Year</th>\n",
       "      <th>Country</th>\n",
       "      <th>Spending_USD</th>\n",
       "      <th>Life_Expectancy</th>\n",
       "    </tr>\n",
       "  </thead>\n",
       "  <tbody>\n",
       "    <tr>\n",
       "      <th>0</th>\n",
       "      <td>1970</td>\n",
       "      <td>Germany</td>\n",
       "      <td>252.311</td>\n",
       "      <td>70.6</td>\n",
       "    </tr>\n",
       "    <tr>\n",
       "      <th>1</th>\n",
       "      <td>1970</td>\n",
       "      <td>France</td>\n",
       "      <td>192.143</td>\n",
       "      <td>72.2</td>\n",
       "    </tr>\n",
       "    <tr>\n",
       "      <th>2</th>\n",
       "      <td>1970</td>\n",
       "      <td>Great Britain</td>\n",
       "      <td>123.993</td>\n",
       "      <td>71.9</td>\n",
       "    </tr>\n",
       "    <tr>\n",
       "      <th>3</th>\n",
       "      <td>1970</td>\n",
       "      <td>Japan</td>\n",
       "      <td>150.437</td>\n",
       "      <td>72.0</td>\n",
       "    </tr>\n",
       "    <tr>\n",
       "      <th>4</th>\n",
       "      <td>1970</td>\n",
       "      <td>USA</td>\n",
       "      <td>326.961</td>\n",
       "      <td>70.9</td>\n",
       "    </tr>\n",
       "  </tbody>\n",
       "</table>\n",
       "</div>"
      ],
      "text/plain": [
       "   Year        Country  Spending_USD  Life_Expectancy\n",
       "0  1970        Germany       252.311             70.6\n",
       "1  1970         France       192.143             72.2\n",
       "2  1970  Great Britain       123.993             71.9\n",
       "3  1970          Japan       150.437             72.0\n",
       "4  1970            USA       326.961             70.9"
      ]
     },
     "execution_count": 51,
     "metadata": {},
     "output_type": "execute_result"
    }
   ],
   "source": [
    "df=sns.load_dataset('healthexp') \n",
    "df.head()"
   ]
  },
  {
   "cell_type": "code",
   "execution_count": 52,
   "id": "f2d1b7a0-a33a-4c47-9c41-efd6093710c3",
   "metadata": {
    "tags": []
   },
   "outputs": [
    {
     "data": {
      "text/plain": [
       "pandas.core.frame.DataFrame"
      ]
     },
     "execution_count": 52,
     "metadata": {},
     "output_type": "execute_result"
    }
   ],
   "source": [
    "type(df)"
   ]
  },
  {
   "cell_type": "code",
   "execution_count": 54,
   "id": "641abe8d-4454-4509-a889-7f66dedb69be",
   "metadata": {
    "tags": []
   },
   "outputs": [],
   "source": [
    "from string import ascii_letters"
   ]
  },
  {
   "cell_type": "code",
   "execution_count": 89,
   "id": "05f5f163-17b9-49fb-9a8c-52fc0768d982",
   "metadata": {
    "tags": []
   },
   "outputs": [],
   "source": [
    "rs = np.random.RandomState(4)\n",
    "d = pd.DataFrame(data=rs.normal(size=(5, 6)),\n",
    "                 columns=list(ascii_letters[46:]))\n"
   ]
  },
  {
   "cell_type": "code",
   "execution_count": 90,
   "id": "e9ddfe35-ac2b-49f1-963b-63799b18af5f",
   "metadata": {
    "tags": []
   },
   "outputs": [
    {
     "data": {
      "text/html": [
       "<div>\n",
       "<style scoped>\n",
       "    .dataframe tbody tr th:only-of-type {\n",
       "        vertical-align: middle;\n",
       "    }\n",
       "\n",
       "    .dataframe tbody tr th {\n",
       "        vertical-align: top;\n",
       "    }\n",
       "\n",
       "    .dataframe thead th {\n",
       "        text-align: right;\n",
       "    }\n",
       "</style>\n",
       "<table border=\"1\" class=\"dataframe\">\n",
       "  <thead>\n",
       "    <tr style=\"text-align: right;\">\n",
       "      <th></th>\n",
       "      <th>U</th>\n",
       "      <th>V</th>\n",
       "      <th>W</th>\n",
       "      <th>X</th>\n",
       "      <th>Y</th>\n",
       "      <th>Z</th>\n",
       "    </tr>\n",
       "  </thead>\n",
       "  <tbody>\n",
       "    <tr>\n",
       "      <th>0</th>\n",
       "      <td>0.050562</td>\n",
       "      <td>0.499951</td>\n",
       "      <td>-0.995909</td>\n",
       "      <td>0.693599</td>\n",
       "      <td>-0.418302</td>\n",
       "      <td>-1.584577</td>\n",
       "    </tr>\n",
       "    <tr>\n",
       "      <th>1</th>\n",
       "      <td>-0.647707</td>\n",
       "      <td>0.598575</td>\n",
       "      <td>0.332250</td>\n",
       "      <td>-1.147477</td>\n",
       "      <td>0.618670</td>\n",
       "      <td>-0.087987</td>\n",
       "    </tr>\n",
       "    <tr>\n",
       "      <th>2</th>\n",
       "      <td>0.425072</td>\n",
       "      <td>0.332253</td>\n",
       "      <td>-1.156816</td>\n",
       "      <td>0.350997</td>\n",
       "      <td>-0.606887</td>\n",
       "      <td>1.546979</td>\n",
       "    </tr>\n",
       "    <tr>\n",
       "      <th>3</th>\n",
       "      <td>0.723342</td>\n",
       "      <td>0.046136</td>\n",
       "      <td>-0.982992</td>\n",
       "      <td>0.054433</td>\n",
       "      <td>0.159893</td>\n",
       "      <td>-1.208948</td>\n",
       "    </tr>\n",
       "    <tr>\n",
       "      <th>4</th>\n",
       "      <td>2.223360</td>\n",
       "      <td>0.394295</td>\n",
       "      <td>1.692358</td>\n",
       "      <td>-1.112812</td>\n",
       "      <td>1.635748</td>\n",
       "      <td>-1.360966</td>\n",
       "    </tr>\n",
       "  </tbody>\n",
       "</table>\n",
       "</div>"
      ],
      "text/plain": [
       "          U         V         W         X         Y         Z\n",
       "0  0.050562  0.499951 -0.995909  0.693599 -0.418302 -1.584577\n",
       "1 -0.647707  0.598575  0.332250 -1.147477  0.618670 -0.087987\n",
       "2  0.425072  0.332253 -1.156816  0.350997 -0.606887  1.546979\n",
       "3  0.723342  0.046136 -0.982992  0.054433  0.159893 -1.208948\n",
       "4  2.223360  0.394295  1.692358 -1.112812  1.635748 -1.360966"
      ]
     },
     "execution_count": 90,
     "metadata": {},
     "output_type": "execute_result"
    }
   ],
   "source": [
    "d"
   ]
  },
  {
   "cell_type": "code",
   "execution_count": 91,
   "id": "9b661683-9a54-4fc7-974d-264d3db0a194",
   "metadata": {
    "tags": []
   },
   "outputs": [
    {
     "data": {
      "text/html": [
       "<div>\n",
       "<style scoped>\n",
       "    .dataframe tbody tr th:only-of-type {\n",
       "        vertical-align: middle;\n",
       "    }\n",
       "\n",
       "    .dataframe tbody tr th {\n",
       "        vertical-align: top;\n",
       "    }\n",
       "\n",
       "    .dataframe thead th {\n",
       "        text-align: right;\n",
       "    }\n",
       "</style>\n",
       "<table border=\"1\" class=\"dataframe\">\n",
       "  <thead>\n",
       "    <tr style=\"text-align: right;\">\n",
       "      <th></th>\n",
       "      <th>U</th>\n",
       "      <th>V</th>\n",
       "      <th>W</th>\n",
       "      <th>X</th>\n",
       "      <th>Y</th>\n",
       "      <th>Z</th>\n",
       "    </tr>\n",
       "  </thead>\n",
       "  <tbody>\n",
       "    <tr>\n",
       "      <th>U</th>\n",
       "      <td>1.132402</td>\n",
       "      <td>-0.087386</td>\n",
       "      <td>0.727745</td>\n",
       "      <td>-0.215725</td>\n",
       "      <td>0.575454</td>\n",
       "      <td>-0.442537</td>\n",
       "    </tr>\n",
       "    <tr>\n",
       "      <th>V</th>\n",
       "      <td>-0.087386</td>\n",
       "      <td>0.043987</td>\n",
       "      <td>0.088594</td>\n",
       "      <td>-0.056285</td>\n",
       "      <td>0.023007</td>\n",
       "      <td>0.021370</td>\n",
       "    </tr>\n",
       "    <tr>\n",
       "      <th>W</th>\n",
       "      <td>0.727745</td>\n",
       "      <td>0.088594</td>\n",
       "      <td>1.505971</td>\n",
       "      <td>-0.918222</td>\n",
       "      <td>1.060997</td>\n",
       "      <td>-0.488641</td>\n",
       "    </tr>\n",
       "    <tr>\n",
       "      <th>X</th>\n",
       "      <td>-0.215725</td>\n",
       "      <td>-0.056285</td>\n",
       "      <td>-0.918222</td>\n",
       "      <td>0.723147</td>\n",
       "      <td>-0.675502</td>\n",
       "      <td>0.091886</td>\n",
       "    </tr>\n",
       "    <tr>\n",
       "      <th>Y</th>\n",
       "      <td>0.575454</td>\n",
       "      <td>0.023007</td>\n",
       "      <td>1.060997</td>\n",
       "      <td>-0.675502</td>\n",
       "      <td>0.810336</td>\n",
       "      <td>-0.500267</td>\n",
       "    </tr>\n",
       "    <tr>\n",
       "      <th>Z</th>\n",
       "      <td>-0.442537</td>\n",
       "      <td>0.021370</td>\n",
       "      <td>-0.488641</td>\n",
       "      <td>0.091886</td>\n",
       "      <td>-0.500267</td>\n",
       "      <td>1.693103</td>\n",
       "    </tr>\n",
       "  </tbody>\n",
       "</table>\n",
       "</div>"
      ],
      "text/plain": [
       "          U         V         W         X         Y         Z\n",
       "U  1.132402 -0.087386  0.727745 -0.215725  0.575454 -0.442537\n",
       "V -0.087386  0.043987  0.088594 -0.056285  0.023007  0.021370\n",
       "W  0.727745  0.088594  1.505971 -0.918222  1.060997 -0.488641\n",
       "X -0.215725 -0.056285 -0.918222  0.723147 -0.675502  0.091886\n",
       "Y  0.575454  0.023007  1.060997 -0.675502  0.810336 -0.500267\n",
       "Z -0.442537  0.021370 -0.488641  0.091886 -0.500267  1.693103"
      ]
     },
     "execution_count": 91,
     "metadata": {},
     "output_type": "execute_result"
    }
   ],
   "source": [
    "d.cov()"
   ]
  },
  {
   "cell_type": "code",
   "execution_count": 92,
   "id": "d5962520-645f-435d-b831-8e4e6867b883",
   "metadata": {
    "tags": []
   },
   "outputs": [
    {
     "data": {
      "text/html": [
       "<div>\n",
       "<style scoped>\n",
       "    .dataframe tbody tr th:only-of-type {\n",
       "        vertical-align: middle;\n",
       "    }\n",
       "\n",
       "    .dataframe tbody tr th {\n",
       "        vertical-align: top;\n",
       "    }\n",
       "\n",
       "    .dataframe thead th {\n",
       "        text-align: right;\n",
       "    }\n",
       "</style>\n",
       "<table border=\"1\" class=\"dataframe\">\n",
       "  <thead>\n",
       "    <tr style=\"text-align: right;\">\n",
       "      <th></th>\n",
       "      <th>U</th>\n",
       "      <th>V</th>\n",
       "      <th>W</th>\n",
       "      <th>X</th>\n",
       "      <th>Y</th>\n",
       "      <th>Z</th>\n",
       "    </tr>\n",
       "  </thead>\n",
       "  <tbody>\n",
       "    <tr>\n",
       "      <th>U</th>\n",
       "      <td>1.0</td>\n",
       "      <td>-0.7</td>\n",
       "      <td>0.3</td>\n",
       "      <td>0.0</td>\n",
       "      <td>0.3</td>\n",
       "      <td>-0.2</td>\n",
       "    </tr>\n",
       "    <tr>\n",
       "      <th>V</th>\n",
       "      <td>-0.7</td>\n",
       "      <td>1.0</td>\n",
       "      <td>0.3</td>\n",
       "      <td>-0.3</td>\n",
       "      <td>0.3</td>\n",
       "      <td>-0.2</td>\n",
       "    </tr>\n",
       "    <tr>\n",
       "      <th>W</th>\n",
       "      <td>0.3</td>\n",
       "      <td>0.3</td>\n",
       "      <td>1.0</td>\n",
       "      <td>-0.8</td>\n",
       "      <td>1.0</td>\n",
       "      <td>-0.3</td>\n",
       "    </tr>\n",
       "    <tr>\n",
       "      <th>X</th>\n",
       "      <td>0.0</td>\n",
       "      <td>-0.3</td>\n",
       "      <td>-0.8</td>\n",
       "      <td>1.0</td>\n",
       "      <td>-0.8</td>\n",
       "      <td>-0.3</td>\n",
       "    </tr>\n",
       "    <tr>\n",
       "      <th>Y</th>\n",
       "      <td>0.3</td>\n",
       "      <td>0.3</td>\n",
       "      <td>1.0</td>\n",
       "      <td>-0.8</td>\n",
       "      <td>1.0</td>\n",
       "      <td>-0.3</td>\n",
       "    </tr>\n",
       "    <tr>\n",
       "      <th>Z</th>\n",
       "      <td>-0.2</td>\n",
       "      <td>-0.2</td>\n",
       "      <td>-0.3</td>\n",
       "      <td>-0.3</td>\n",
       "      <td>-0.3</td>\n",
       "      <td>1.0</td>\n",
       "    </tr>\n",
       "  </tbody>\n",
       "</table>\n",
       "</div>"
      ],
      "text/plain": [
       "     U    V    W    X    Y    Z\n",
       "U  1.0 -0.7  0.3  0.0  0.3 -0.2\n",
       "V -0.7  1.0  0.3 -0.3  0.3 -0.2\n",
       "W  0.3  0.3  1.0 -0.8  1.0 -0.3\n",
       "X  0.0 -0.3 -0.8  1.0 -0.8 -0.3\n",
       "Y  0.3  0.3  1.0 -0.8  1.0 -0.3\n",
       "Z -0.2 -0.2 -0.3 -0.3 -0.3  1.0"
      ]
     },
     "execution_count": 92,
     "metadata": {},
     "output_type": "execute_result"
    }
   ],
   "source": [
    "d.corr(method='spearman')"
   ]
  },
  {
   "cell_type": "code",
   "execution_count": 93,
   "id": "6f7458bd-ca58-467e-aeec-a9b4238025fc",
   "metadata": {
    "tags": []
   },
   "outputs": [
    {
     "data": {
      "text/html": [
       "<div>\n",
       "<style scoped>\n",
       "    .dataframe tbody tr th:only-of-type {\n",
       "        vertical-align: middle;\n",
       "    }\n",
       "\n",
       "    .dataframe tbody tr th {\n",
       "        vertical-align: top;\n",
       "    }\n",
       "\n",
       "    .dataframe thead th {\n",
       "        text-align: right;\n",
       "    }\n",
       "</style>\n",
       "<table border=\"1\" class=\"dataframe\">\n",
       "  <thead>\n",
       "    <tr style=\"text-align: right;\">\n",
       "      <th></th>\n",
       "      <th>U</th>\n",
       "      <th>V</th>\n",
       "      <th>W</th>\n",
       "      <th>X</th>\n",
       "      <th>Y</th>\n",
       "      <th>Z</th>\n",
       "    </tr>\n",
       "  </thead>\n",
       "  <tbody>\n",
       "    <tr>\n",
       "      <th>U</th>\n",
       "      <td>1.000000</td>\n",
       "      <td>-0.391542</td>\n",
       "      <td>0.557276</td>\n",
       "      <td>-0.238389</td>\n",
       "      <td>0.600728</td>\n",
       "      <td>-0.319601</td>\n",
       "    </tr>\n",
       "    <tr>\n",
       "      <th>V</th>\n",
       "      <td>-0.391542</td>\n",
       "      <td>1.000000</td>\n",
       "      <td>0.344219</td>\n",
       "      <td>-0.315584</td>\n",
       "      <td>0.121859</td>\n",
       "      <td>0.078309</td>\n",
       "    </tr>\n",
       "    <tr>\n",
       "      <th>W</th>\n",
       "      <td>0.557276</td>\n",
       "      <td>0.344219</td>\n",
       "      <td>1.000000</td>\n",
       "      <td>-0.879886</td>\n",
       "      <td>0.960447</td>\n",
       "      <td>-0.306013</td>\n",
       "    </tr>\n",
       "    <tr>\n",
       "      <th>X</th>\n",
       "      <td>-0.238389</td>\n",
       "      <td>-0.315584</td>\n",
       "      <td>-0.879886</td>\n",
       "      <td>1.000000</td>\n",
       "      <td>-0.882431</td>\n",
       "      <td>0.083042</td>\n",
       "    </tr>\n",
       "    <tr>\n",
       "      <th>Y</th>\n",
       "      <td>0.600728</td>\n",
       "      <td>0.121859</td>\n",
       "      <td>0.960447</td>\n",
       "      <td>-0.882431</td>\n",
       "      <td>1.000000</td>\n",
       "      <td>-0.427098</td>\n",
       "    </tr>\n",
       "    <tr>\n",
       "      <th>Z</th>\n",
       "      <td>-0.319601</td>\n",
       "      <td>0.078309</td>\n",
       "      <td>-0.306013</td>\n",
       "      <td>0.083042</td>\n",
       "      <td>-0.427098</td>\n",
       "      <td>1.000000</td>\n",
       "    </tr>\n",
       "  </tbody>\n",
       "</table>\n",
       "</div>"
      ],
      "text/plain": [
       "          U         V         W         X         Y         Z\n",
       "U  1.000000 -0.391542  0.557276 -0.238389  0.600728 -0.319601\n",
       "V -0.391542  1.000000  0.344219 -0.315584  0.121859  0.078309\n",
       "W  0.557276  0.344219  1.000000 -0.879886  0.960447 -0.306013\n",
       "X -0.238389 -0.315584 -0.879886  1.000000 -0.882431  0.083042\n",
       "Y  0.600728  0.121859  0.960447 -0.882431  1.000000 -0.427098\n",
       "Z -0.319601  0.078309 -0.306013  0.083042 -0.427098  1.000000"
      ]
     },
     "execution_count": 93,
     "metadata": {},
     "output_type": "execute_result"
    }
   ],
   "source": [
    "d.corr(method='pearson')"
   ]
  },
  {
   "cell_type": "code",
   "execution_count": null,
   "id": "b8442466-95a6-48b0-aee8-32d841c4b596",
   "metadata": {},
   "outputs": [],
   "source": []
  }
 ],
 "metadata": {
  "kernelspec": {
   "display_name": "Python 3 (ipykernel)",
   "language": "python",
   "name": "python3"
  },
  "language_info": {
   "codemirror_mode": {
    "name": "ipython",
    "version": 3
   },
   "file_extension": ".py",
   "mimetype": "text/x-python",
   "name": "python",
   "nbconvert_exporter": "python",
   "pygments_lexer": "ipython3",
   "version": "3.11.1"
  }
 },
 "nbformat": 4,
 "nbformat_minor": 5
}
